%YAML:1.0

#--------------------------------------------------------------------------------------------
# System config
#--------------------------------------------------------------------------------------------

# When the variables are commented, the system doesn't load a previous session or not store the current one

# If the LoadFile doesn't exist, the system give a message and create a new Atlas from scratch
#System.LoadAtlasFromFile: "Session_MH01_MH02_MH03_Stereo60_Pseudo"

# The store file is created from the current session, if a file with the same name exists it is deleted
#System.SaveAtlasToFile: "Session_MH01_MH02_MH03_Stereo60_Pseudo"

#--------------------------------------------------------------------------------------------
# Camera Parameters. Adjust them!
#--------------------------------------------------------------------------------------------
File.version: "1.0"

#Camera.type: "Rectified"
Camera.type: "PinHole"

# Camera calibration and distortion parameters (OpenCV) 
Camera1.fx: 7793.202
Camera1.fy: 7793.202
Camera1.cx: 1903.037
Camera1.cy: 1129.370

Camera1.k1: -0.6335
Camera1.k2: 0.38997
Camera1.p1: 0.0
Camera1.p2: 0.0

Camera2.fx: 6170.99
Camera2.fy: 6170.99
Camera2.cx: 1953.92
Camera2.cy: 1239.85

Camera2.k1: -0.357537
Camera2.k2: 0.191983617
Camera2.p1: 0.0
Camera2.p2: 0.0

Camera.width: 3840
Camera.height: 2160

Camera.newWidth: 3840
Camera.newHeight: 2160
#Camera.newWidth: 1920
#Camera.newHeight: 1080
#Camera.newWidth: 752
#Camera.newHeight: 480

# Camera frames per second 
Camera.fps: 5

# Color order of the images (0: BGR, 1: RGB. It is ignored if images are grayscale)
Camera.RGB: 1

#Stereo.b: 0.53716
#Stereo.b: 0.147

Stereo.ThDepth: 200.0
Stereo.T_c1_c2: !!opencv-matrix
  rows: 4
  cols: 4
  dt: f
  #  data: [0.999997256477797,-0.002317135723275,-0.000343393120620,0.110074137800478,
  #         0.002312067192432,0.999898048507103,-0.014090668452683,-0.000156612054392,
  #         0.000376008102320,0.014089835846691,0.999900662638081,0.000889382785432,
  #         0,0,0,1.000000000000000]
  data:  [ 9.99992826e-01, -3.68657458e-03, -8.69603797e-04 ,-1.43866351e-01,
             3.68722049e-03,  9.99992927e-01,  7.42329288e-04 ,-6.75640509e-05,
             8.66860994e-04, -7.45530384e-04,  9.99999346e-01 ,-2.83637739e-03,
             0.00000000e+00,  0.00000000e+00,  0.00000000e+00 , 1.00000000e+00]
             
  #data:  [ 9.99992826e-01, 3.68722049e-03, 8.66860994e-04 ,1.43866351e-01,
  #        -3.68657458e-03, 9.99992927e-01,-7.45530384e-04 ,6.75640509e-05,
  #        -8.69603797e-04, 7.42329288e-04, 9.99999346e-01 ,2.83637739e-03,
  #         0.00000000e+00, 0.00000000e+00, 0.00000000e+00 , 1.00000000e+00]
#--------------------------------------------------------------------------------------------
# ORB Parameters
#--------------------------------------------------------------------------------------------

# ORB Extractor: Number of features per image
ORBextractor.nFeatures: 5000

# ORB Extractor: Scale factor between levels in the scale pyramid 	
ORBextractor.scaleFactor: 1.2

# ORB Extractor: Number of levels in the scale pyramid	
ORBextractor.nLevels: 15

# ORB Extractor: Fast threshold
# Image is divided in a grid. At each cell FAST are extracted imposing a minimum response.
# Firstly we impose iniThFAST. If no corners are detected we impose a lower value minThFAST
# You can lower these values if your images have low contrast			
ORBextractor.iniThFAST: 20
ORBextractor.minThFAST: 7

#--------------------------------------------------------------------------------------------
# Viewer Parameters
#--------------------------------------------------------------------------------------------
Viewer.KeyFrameSize: 0.05
Viewer.KeyFrameLineWidth: 1.0
Viewer.GraphLineWidth: 0.9
Viewer.PointSize: 5.0
Viewer.CameraSize: 0.08
Viewer.CameraLineWidth: 3.0
Viewer.ViewpointX: 0.0
Viewer.ViewpointY: -0.7
Viewer.ViewpointZ: -1.8
Viewer.ViewpointF: 500.0
Viewer.imageViewScale: 0.5

