%YAML:1.0

#--------------------------------------------------------------------------------------------
# System config
#--------------------------------------------------------------------------------------------

# When the variables are commented, the system doesn't load a previous session or not store the current one

# If the LoadFile doesn't exist, the system give a message and create a new Atlas from scratch
#System.LoadAtlasFromFile: "Session_MH01_MH02_MH03_Stereo60_Pseudo"

# The store file is created from the current session, if a file with the same name exists it is deleted
#System.SaveAtlasToFile: "Session_MH01_MH02_MH03_Stereo60_Pseudo"

#--------------------------------------------------------------------------------------------
# Camera Parameters. Adjust them!
#--------------------------------------------------------------------------------------------
File.version: "1.0"

#Camera.type: "Rectified"
#Camera.type: "PinHole"
Camera.type: "KannalaBrandt8"

# Camera calibration and distortion parameters (OpenCV) 
Camera1.fx: 579.1288165985108
Camera1.fy: 581.0792883258016
Camera1.cx: 985.2493571089
Camera1.cy: 580.28240523434

Camera1.k1: 0.08453693003952205
Camera1.k2: 0.010254970151929957
Camera1.k3: -0.02206752594504743
Camera1.k4: 0.004393638222406715
Camera1.p1: 0.0
Camera1.p2: 0.0

Camera2.fx: 580.694784580259
Camera2.fy: 582.2832942159102
Camera2.cx: 980.7760438352141
Camera2.cy: 584.3925045557348

Camera2.k1: 0.09786850486056911
Camera2.k2: -0.017643018895721792
Camera2.k3: -0.0019652363061421346
Camera2.k4: -0.00048519943844709223
Camera2.p1: 0.0
Camera2.p2: 0.0

Camera.width: 1920
Camera.height: 1080

Camera.newWidth: 1920
Camera.newHeight: 1080

# Lapping area between images
Camera1.overlappingBegin: 0
Camera1.overlappingEnd: 1079

Camera2.overlappingBegin: 0
Camera2.overlappingEnd: 1079

# Camera frames per second 
Camera.fps: 5

# Color order of the images (0: BGR, 1: RGB. It is ignored if images are grayscale)
Camera.RGB: 1

#Stereo.b: 0.53716
#Stereo.b: 0.147

Stereo.ThDepth: 200.0
Stereo.T_c1_c2: !!opencv-matrix
  rows: 4
  cols: 4
  dt: f
#swapped to work
  data: [0.9999999735164443, -0.0002158328560709878 , 7.989551309311753e-05, 0.13570839373555119,
        0.0002156417201330614 , 0.9999971334637983, 0.0023846515131382487, -0.001032616721943722,
        -8.040997021655135e-05 , -0.0023846342211783188, 0.9999971535228848, -0.0023667431033545026,
        0.0, 0.0, 0.0, 1.0]

#original
#  data: [0.9999999735164443, 0.0002156417201330614, -8.040997021655135e-05, -0.13570839373555119,
#          -0.0002158328560709878, 0.9999971334637983, -0.0023846342211783188, 0.001032616721943722,
#          7.989551309311753e-05, 0.0023846515131382487, 0.9999971535228848, 0.0023667431033545026,
#          0.0, 0.0, 0.0, 1.0]


#--------------------------------------------------------------------------------------------
# ORB Parameters
#--------------------------------------------------------------------------------------------

# ORB Extractor: Number of features per image
ORBextractor.nFeatures: 5000

# ORB Extractor: Scale factor between levels in the scale pyramid 	
ORBextractor.scaleFactor: 1.2

# ORB Extractor: Number of levels in the scale pyramid	
ORBextractor.nLevels: 8

# ORB Extractor: Fast threshold
# Image is divided in a grid. At each cell FAST are extracted imposing a minimum response.
# Firstly we impose iniThFAST. If no corners are detected we impose a lower value minThFAST
# You can lower these values if your images have low contrast			
ORBextractor.iniThFAST: 15
ORBextractor.minThFAST: 5

#--------------------------------------------------------------------------------------------
# Viewer Parameters
#--------------------------------------------------------------------------------------------
Viewer.KeyFrameSize: 0.05
Viewer.KeyFrameLineWidth: 1.0
Viewer.GraphLineWidth: 0.9
Viewer.PointSize: 5.0
Viewer.CameraSize: 0.08
Viewer.CameraLineWidth: 3.0
Viewer.ViewpointX: 0.0
Viewer.ViewpointY: -0.7
Viewer.ViewpointZ: -1.8
Viewer.ViewpointF: 500.0
Viewer.imageViewScale: 0.75

